# Solar spectrum from TSIS-1 (SIM) 
# Wavelength (microns)        Spectral Luminosity (W micron-1) 
1 
6.963e+05 
0.198978 	 2.064549e+24 
0.199451 	 2.064549e+24 
0.199924 	 2.064549e+24 
0.200397 	 2.059625e+24 
0.200870 	 2.107107e+24 
0.201343 	 2.177020e+24 
0.201816 	 2.235397e+24 
0.202288 	 2.251147e+24 
0.202761 	 2.297649e+24 
0.203234 	 2.417210e+24 
0.203707 	 2.549468e+24 
0.204179 	 2.684621e+24 
0.204652 	 2.803554e+24 
0.205124 	 2.867970e+24 
0.205597 	 2.886340e+24 
0.206069 	 2.916785e+24 
0.206542 	 3.022162e+24 
0.207014 	 3.205607e+24 
0.207486 	 3.422416e+24 
0.207958 	 3.641477e+24 
0.208431 	 3.984585e+24 
0.208903 	 4.610948e+24 
0.209375 	 5.463983e+24 
0.209847 	 6.389461e+24 
0.210319 	 7.260357e+24 
0.210790 	 7.959308e+24 
0.211260 	 8.680218e+24 
0.211730 	 9.379156e+24 
0.212201 	 9.254075e+24 
0.212671 	 8.651558e+24 
0.213141 	 8.581964e+24 
0.213611 	 9.196559e+24 
0.214081 	 1.029621e+25 
0.214551 	 1.098868e+25 
0.215021 	 1.081008e+25 
0.215491 	 1.017665e+25 
0.215957 	 9.549163e+24 
0.216422 	 9.118062e+24 
0.216888 	 8.885057e+24 
0.217354 	 9.313435e+24 
0.217820 	 1.060577e+25 
0.218285 	 1.186099e+25 
0.218751 	 1.223816e+25 
0.219216 	 1.254029e+25 
0.219681 	 1.312358e+25 
0.220148 	 1.338424e+25 
0.220615 	 1.257535e+25 
0.221083 	 1.121230e+25 
0.221551 	 1.100448e+25 
0.222019 	 1.212044e+25 
0.222485 	 1.358446e+25 
0.222953 	 1.530594e+25 
0.223421 	 1.691009e+25 
0.223889 	 1.708659e+25 
0.224355 	 1.634401e+25 
0.224823 	 1.562717e+25 
0.225291 	 1.460860e+25 
0.225759 	 1.320951e+25 
0.226227 	 1.154549e+25 
0.226695 	 1.015189e+25 
0.227164 	 1.007843e+25 
0.227632 	 1.151832e+25 
0.228101 	 1.325331e+25 
0.228568 	 1.387253e+25 
0.229036 	 1.349669e+25 
0.229504 	 1.307434e+25 
0.229972 	 1.332191e+25 
0.230440 	 1.411179e+25 
0.230904 	 1.418812e+25 
0.231368 	 1.392591e+25 
0.231832 	 1.423992e+25 
0.232296 	 1.439957e+25 
0.232760 	 1.375847e+25 
0.233223 	 1.269017e+25 
0.233687 	 1.162449e+25 
0.234151 	 1.093872e+25 
0.234615 	 1.151660e+25 
0.235078 	 1.314300e+25 
0.235547 	 1.398509e+25 
0.236015 	 1.363813e+25 
0.236483 	 1.341414e+25 
0.236952 	 1.355486e+25 
0.237419 	 1.307259e+25 
0.237888 	 1.196991e+25 
0.238355 	 1.153997e+25 
0.238823 	 1.189904e+25 
0.239290 	 1.185799e+25 
0.239759 	 1.134382e+25 
0.240227 	 1.096256e+25 
0.240699 	 1.124017e+25 
0.241171 	 1.290352e+25 
0.241643 	 1.572848e+25 
0.242116 	 1.808729e+25 
0.242588 	 1.887835e+25 
0.243060 	 1.845952e+25 
0.243533 	 1.777181e+25 
0.244005 	 1.711449e+25 
0.244476 	 1.593826e+25 
0.244949 	 1.443408e+25 
0.245421 	 1.344595e+25 
0.245901 	 1.319188e+25 
0.246381 	 1.354927e+25 
0.246861 	 1.424863e+25 
0.247341 	 1.456630e+25 
0.247821 	 1.394328e+25 
0.248300 	 1.286917e+25 
0.248780 	 1.266564e+25 
0.249260 	 1.407448e+25 
0.249740 	 1.590230e+25 
0.250219 	 1.639885e+25 
0.250702 	 1.546391e+25 
0.251185 	 1.389935e+25 
0.251667 	 1.237150e+25 
0.252150 	 1.154662e+25 
0.252632 	 1.169308e+25 
0.253115 	 1.265180e+25 
0.253597 	 1.392858e+25 
0.254079 	 1.507862e+25 
0.254561 	 1.631352e+25 
0.255043 	 1.825448e+25 
0.255526 	 2.091572e+25 
0.255988 	 2.368098e+25 
0.256448 	 2.677098e+25 
0.256910 	 3.037957e+25 
0.257371 	 3.325980e+25 
0.257833 	 3.471017e+25 
0.258294 	 3.498324e+25 
0.258756 	 3.403798e+25 
0.259217 	 3.172413e+25 
0.259678 	 2.836295e+25 
0.260140 	 2.546489e+25 
0.260601 	 2.398928e+25 
0.261058 	 2.375303e+25 
0.261516 	 2.500250e+25 
0.261973 	 2.718734e+25 
0.262431 	 2.903833e+25 
0.262888 	 3.248190e+25 
0.263346 	 4.174719e+25 
0.263803 	 5.505188e+25 
0.264261 	 6.480476e+25 
0.264718 	 6.798858e+25 
0.265176 	 6.907184e+25 
0.265639 	 7.057652e+25 
0.266104 	 7.077628e+25 
0.266569 	 6.976447e+25 
0.267032 	 6.940878e+25 
0.267497 	 6.962754e+25 
0.267960 	 6.928110e+25 
0.268425 	 6.827454e+25 
0.268888 	 6.743949e+25 
0.269352 	 6.816325e+25 
0.269816 	 7.080099e+25 
0.270280 	 7.309278e+25 
0.270747 	 7.186338e+25 
0.271214 	 6.646607e+25 
0.271681 	 5.981597e+25 
0.272148 	 5.627013e+25 
0.272615 	 5.661883e+25 
0.273082 	 5.610289e+25 
0.273548 	 5.094658e+25 
0.274015 	 4.399650e+25 
0.274482 	 4.059373e+25 
0.274948 	 4.305068e+25 
0.275415 	 5.011412e+25 
0.275882 	 5.865633e+25 
0.276349 	 6.530220e+25 
0.276816 	 6.773261e+25 
0.277282 	 6.511832e+25 
0.277749 	 5.823588e+25 
0.278216 	 4.906689e+25 
0.278683 	 3.943413e+25 
0.279149 	 3.080304e+25 
0.279615 	 2.541656e+25 
0.280082 	 2.575715e+25 
0.280549 	 3.270415e+25 
0.281014 	 4.478900e+25 
0.281480 	 5.883219e+25 
0.281945 	 7.143229e+25 
0.282410 	 8.067110e+25 
0.282876 	 8.590345e+25 
0.283341 	 8.656174e+25 
0.283807 	 8.156316e+25 
0.284272 	 7.102142e+25 
0.284738 	 5.911868e+25 
0.285203 	 5.439095e+25 
0.285667 	 6.122696e+25 
0.286132 	 7.567403e+25 
0.286597 	 8.844860e+25 
0.287060 	 9.401738e+25 
0.287525 	 9.321445e+25 
0.287989 	 9.268656e+25 
0.288454 	 9.870068e+25 
0.288917 	 1.124310e+26 
0.289381 	 1.307035e+26 
0.289846 	 1.482436e+26 
0.290310 	 1.604439e+26 
0.290775 	 1.653410e+26 
0.291240 	 1.636905e+26 
0.291705 	 1.586647e+26 
0.292170 	 1.535197e+26 
0.292635 	 1.504453e+26 
0.293099 	 1.493119e+26 
0.293564 	 1.483737e+26 
0.294029 	 1.470978e+26 
0.294494 	 1.470073e+26 
0.294959 	 1.490291e+26 
0.295423 	 1.512457e+26 
0.295888 	 1.501559e+26 
0.296352 	 1.457318e+26 
0.296815 	 1.413876e+26 
0.297280 	 1.394394e+26 
0.297743 	 1.383912e+26 
0.298207 	 1.365429e+26 
0.298671 	 1.342394e+26 
0.299134 	 1.318037e+26 
0.299598 	 1.286407e+26 
0.300062 	 1.254133e+26 
0.300525 	 1.238580e+26 
0.300987 	 1.246428e+26 
0.301449 	 1.275831e+26 
0.301911 	 1.336914e+26 
0.302373 	 1.439264e+26 
0.302835 	 1.560294e+26 
0.303297 	 1.658806e+26 
0.303759 	 1.712136e+26 
0.304221 	 1.728394e+26 
0.304683 	 1.723090e+26 
0.305144 	 1.702925e+26 
0.305607 	 1.676204e+26 
0.306071 	 1.662254e+26 
0.306534 	 1.676472e+26 
0.306997 	 1.713087e+26 
0.307460 	 1.746543e+26 
0.307923 	 1.748331e+26 
0.308386 	 1.708557e+26 
0.308849 	 1.648067e+26 
0.309311 	 1.614236e+26 
0.309775 	 1.649498e+26 
0.310238 	 1.753957e+26 
0.310701 	 1.879636e+26 
0.311165 	 1.966464e+26 
0.311629 	 1.991965e+26 
0.312093 	 1.975731e+26 
0.312556 	 1.959508e+26 
0.313020 	 1.959086e+26 
0.313484 	 1.963164e+26 
0.313947 	 1.953992e+26 
0.314410 	 1.923531e+26 
0.314874 	 1.879266e+26 
0.315337 	 1.841645e+26 
0.315799 	 1.837178e+26 
0.316261 	 1.880431e+26 
0.316721 	 1.952410e+26 
0.317182 	 2.011458e+26 
0.317644 	 2.026323e+26 
0.318105 	 2.007537e+26 
0.318566 	 1.993590e+26 
0.319028 	 2.013947e+26 
0.319489 	 2.064226e+26 
0.319949 	 2.112750e+26 
0.320410 	 2.130380e+26 
0.320870 	 2.109236e+26 
0.321330 	 2.062530e+26 
0.321789 	 2.010106e+26 
0.322249 	 1.967620e+26 
0.322709 	 1.949038e+26 
0.323168 	 1.963940e+26 
0.323627 	 2.018380e+26 
0.324087 	 2.112236e+26 
0.324546 	 2.236721e+26 
0.325005 	 2.376418e+26 
0.325465 	 2.513711e+26 
0.325924 	 2.627433e+26 
0.326384 	 2.698579e+26 
0.326842 	 2.724576e+26 
0.327301 	 2.720748e+26 
0.327761 	 2.715712e+26 
0.328220 	 2.734692e+26 
0.328679 	 2.783619e+26 
0.329138 	 2.843794e+26 
0.329597 	 2.886110e+26 
0.330057 	 2.891321e+26 
0.330515 	 2.861191e+26 
0.330976 	 2.813585e+26 
0.331438 	 2.766612e+26 
0.331900 	 2.728799e+26 
0.332361 	 2.700489e+26 
0.332823 	 2.681392e+26 
0.333283 	 2.673429e+26 
0.333745 	 2.676438e+26 
0.334207 	 2.680769e+26 
0.334667 	 2.669273e+26 
0.335129 	 2.629879e+26 
0.335589 	 2.565414e+26 
0.336051 	 2.495948e+26 
0.336513 	 2.448544e+26 
0.336974 	 2.440791e+26 
0.337435 	 2.473571e+26 
0.337896 	 2.535025e+26 
0.338358 	 2.609004e+26 
0.338819 	 2.681146e+26 
0.339280 	 2.739830e+26 
0.339742 	 2.777601e+26 
0.340203 	 2.792358e+26 
0.340662 	 2.789642e+26 
0.341120 	 2.781057e+26 
0.341579 	 2.774378e+26 
0.342038 	 2.764817e+26 
0.342497 	 2.740477e+26 
0.342955 	 2.695079e+26 
0.343414 	 2.633743e+26 
0.343872 	 2.572597e+26 
0.344331 	 2.532968e+26 
0.344789 	 2.529541e+26 
0.345246 	 2.553049e+26 
0.345704 	 2.585517e+26 
0.346160 	 2.612291e+26 
0.346617 	 2.624483e+26 
0.347073 	 2.619153e+26 
0.347531 	 2.606890e+26 
0.347987 	 2.600971e+26 
0.348444 	 2.610733e+26 
0.348900 	 2.641088e+26 
0.349356 	 2.688558e+26 
0.349812 	 2.743706e+26 
0.350269 	 2.789592e+26 
0.350726 	 2.810963e+26 
0.351184 	 2.811836e+26 
0.351640 	 2.804146e+26 
0.352098 	 2.805814e+26 
0.352554 	 2.830944e+26 
0.353012 	 2.882951e+26 
0.353468 	 2.950582e+26 
0.353926 	 3.009603e+26 
0.354382 	 3.040434e+26 
0.354839 	 3.022226e+26 
0.355295 	 2.958133e+26 
0.355756 	 2.854029e+26 
0.356215 	 2.723921e+26 
0.356675 	 2.590072e+26 
0.357134 	 2.481475e+26 
0.357594 	 2.419775e+26 
0.358053 	 2.413435e+26 
0.358513 	 2.462549e+26 
0.358971 	 2.545582e+26 
0.359431 	 2.635887e+26 
0.359890 	 2.706749e+26 
0.360350 	 2.747806e+26 
0.360808 	 2.766841e+26 
0.361267 	 2.774759e+26 
0.361725 	 2.785835e+26 
0.362185 	 2.809411e+26 
0.362643 	 2.847018e+26 
0.363101 	 2.893928e+26 
0.363560 	 2.951023e+26 
0.364019 	 3.017632e+26 
0.364477 	 3.093322e+26 
0.364935 	 3.175977e+26 
0.365393 	 3.260431e+26 
0.365846 	 3.333129e+26 
0.366299 	 3.379677e+26 
0.366751 	 3.400872e+26 
0.367204 	 3.403580e+26 
0.367657 	 3.394040e+26 
0.368108 	 3.380559e+26 
0.368561 	 3.372691e+26 
0.369014 	 3.373629e+26 
0.369466 	 3.376450e+26 
0.369918 	 3.369285e+26 
0.370370 	 3.345119e+26 
0.370820 	 3.302222e+26 
0.371270 	 3.239074e+26 
0.371719 	 3.152469e+26 
0.372170 	 3.054415e+26 
0.372619 	 2.958954e+26 
0.373069 	 2.878887e+26 
0.373518 	 2.821176e+26 
0.373968 	 2.799212e+26 
0.374418 	 2.814172e+26 
0.374867 	 2.867971e+26 
0.375317 	 2.961926e+26 
0.375768 	 3.077669e+26 
0.376219 	 3.200319e+26 
0.376670 	 3.312577e+26 
0.377121 	 3.404410e+26 
0.377572 	 3.467277e+26 
0.378023 	 3.492536e+26 
0.378474 	 3.485776e+26 
0.378924 	 3.450708e+26 
0.379375 	 3.388048e+26 
0.379826 	 3.305143e+26 
0.380276 	 3.201599e+26 
0.380734 	 3.073656e+26 
0.381192 	 2.928905e+26 
0.381649 	 2.783102e+26 
0.382106 	 2.651743e+26 
0.382564 	 2.552714e+26 
0.383021 	 2.492381e+26 
0.383478 	 2.477884e+26 
0.383936 	 2.509572e+26 
0.384392 	 2.576668e+26 
0.384849 	 2.651830e+26 
0.385306 	 2.719334e+26 
0.385767 	 2.772801e+26 
0.386226 	 2.812643e+26 
0.386686 	 2.845678e+26 
0.387145 	 2.878451e+26 
0.387605 	 2.919228e+26 
0.388065 	 2.977399e+26 
0.388524 	 3.058411e+26 
0.388983 	 3.151728e+26 
0.389443 	 3.240608e+26 
0.389903 	 3.304564e+26 
0.390362 	 3.326557e+26 
0.390817 	 3.293568e+26 
0.391273 	 3.216971e+26 
0.391728 	 3.108497e+26 
0.392184 	 2.986464e+26 
0.392638 	 2.873103e+26 
0.393094 	 2.788105e+26 
0.393549 	 2.746023e+26 
0.394004 	 2.739958e+26 
0.394459 	 2.763066e+26 
0.394913 	 2.808373e+26 
0.395369 	 2.869474e+26 
0.395822 	 2.942096e+26 
0.396276 	 3.028644e+26 
0.396729 	 3.140876e+26 
0.397183 	 3.289831e+26 
0.397636 	 3.475506e+26 
0.398090 	 3.687600e+26 
0.398543 	 3.912251e+26 
0.398996 	 4.137070e+26 
0.399450 	 4.349100e+26 
0.399903 	 4.533374e+26 
0.400355 	 4.677935e+26 
0.400806 	 4.780514e+26 
0.401258 	 4.845473e+26 
0.401709 	 4.881782e+26 
0.402160 	 4.896695e+26 
0.402611 	 4.894892e+26 
0.403062 	 4.879735e+26 
0.403513 	 4.855007e+26 
0.403963 	 4.823819e+26 
0.404414 	 4.789365e+26 
0.404865 	 4.757048e+26 
0.405316 	 4.733293e+26 
0.405758 	 4.721235e+26 
0.406201 	 4.719204e+26 
0.406644 	 4.723420e+26 
0.407086 	 4.732470e+26 
0.407529 	 4.748171e+26 
0.407972 	 4.771330e+26 
0.408414 	 4.797881e+26 
0.408857 	 4.822196e+26 
0.409299 	 4.842210e+26 
0.409741 	 4.861002e+26 
0.410184 	 4.884310e+26 
0.410629 	 4.914855e+26 
0.411075 	 4.949180e+26 
0.411519 	 4.981312e+26 
0.411964 	 5.007998e+26 
0.412410 	 5.030578e+26 
0.412855 	 5.051803e+26 
0.413300 	 5.071047e+26 
0.413745 	 5.083959e+26 
0.414190 	 5.087205e+26 
0.414634 	 5.081830e+26 
0.415079 	 5.071948e+26 
0.415531 	 5.060405e+26 
0.415982 	 5.046992e+26 
0.416434 	 5.030244e+26 
0.416884 	 5.010710e+26 
0.417336 	 4.991905e+26 
0.417787 	 4.977601e+26 
0.418238 	 4.968713e+26 
0.418690 	 4.963062e+26 
0.419140 	 4.957899e+26 
0.419591 	 4.952586e+26 
0.420042 	 4.949330e+26 
0.420493 	 4.949612e+26 
0.420953 	 4.950352e+26 
0.421414 	 4.946553e+26 
0.421875 	 4.936338e+26 
0.422335 	 4.921898e+26 
0.422796 	 4.906520e+26 
0.423256 	 4.891716e+26 
0.423717 	 4.876529e+26 
0.424178 	 4.859170e+26 
0.424638 	 4.838899e+26 
0.425098 	 4.815825e+26 
0.425559 	 4.789341e+26 
0.426013 	 4.755611e+26 
0.426469 	 4.710528e+26 
0.426923 	 4.652824e+26 
0.427379 	 4.585942e+26 
0.427833 	 4.516853e+26 
0.428288 	 4.452717e+26 
0.428743 	 4.397561e+26 
0.429197 	 4.352250e+26 
0.429652 	 4.318829e+26 
0.430106 	 4.301846e+26 
0.430561 	 4.306348e+26 
0.431004 	 4.335205e+26 
0.431447 	 4.386973e+26 
0.431890 	 4.455716e+26 
0.432333 	 4.530994e+26 
0.432776 	 4.609096e+26 
0.433219 	 4.687323e+26 
0.433661 	 4.762920e+26 
0.434104 	 4.832993e+26 
0.434546 	 4.893969e+26 
0.434988 	 4.942887e+26 
0.435431 	 4.979900e+26 
0.435871 	 5.005471e+26 
0.436311 	 5.020995e+26 
0.436751 	 5.028735e+26 
0.437191 	 5.031975e+26 
0.437630 	 5.036093e+26 
0.438070 	 5.043662e+26 
0.438510 	 5.056336e+26 
0.438950 	 5.075133e+26 
0.439388 	 5.101585e+26 
0.439828 	 5.133868e+26 
0.440268 	 5.171002e+26 
0.440717 	 5.212331e+26 
0.441168 	 5.257078e+26 
0.441617 	 5.302410e+26 
0.442068 	 5.344834e+26 
0.442517 	 5.383490e+26 
0.442967 	 5.417908e+26 
0.443416 	 5.446956e+26 
0.443866 	 5.470854e+26 
0.444315 	 5.491476e+26 
0.444765 	 5.509542e+26 
0.445214 	 5.525737e+26 
0.445663 	 5.543514e+26 
0.446112 	 5.566380e+26 
0.446561 	 5.594537e+26 
0.447009 	 5.627860e+26 
0.447458 	 5.664224e+26 
0.447906 	 5.698814e+26 
0.448354 	 5.730804e+26 
0.448802 	 5.759501e+26 
0.449251 	 5.784006e+26 
0.449699 	 5.805405e+26 
0.450147 	 5.822865e+26 
0.450596 	 5.835452e+26 
0.451043 	 5.837239e+26 
0.451491 	 5.832783e+26 
0.451938 	 5.823449e+26 
0.452385 	 5.810842e+26 
0.452833 	 5.799895e+26 
0.453279 	 5.791610e+26 
0.453727 	 5.786246e+26 
0.454174 	 5.784352e+26 
0.454621 	 5.784010e+26 
0.455068 	 5.785055e+26 
0.455515 	 5.787781e+26 
0.455963 	 5.793959e+26 
0.456410 	 5.802113e+26 
0.456858 	 5.812009e+26 
0.457305 	 5.822822e+26 
0.457752 	 5.833113e+26 
0.458200 	 5.842786e+26 
0.458647 	 5.851236e+26 
0.459094 	 5.858603e+26 
0.459541 	 5.865162e+26 
0.459988 	 5.870708e+26 
0.460435 	 5.874579e+26 
0.460879 	 5.877381e+26 
0.461325 	 5.879089e+26 
0.461770 	 5.877914e+26 
0.462214 	 5.874577e+26 
0.462660 	 5.869118e+26 
0.463104 	 5.860018e+26 
0.463548 	 5.849493e+26 
0.463994 	 5.837563e+26 
0.464438 	 5.823666e+26 
0.464882 	 5.808737e+26 
0.465327 	 5.792916e+26 
0.465769 	 5.775713e+26 
0.466211 	 5.759287e+26 
0.466653 	 5.743620e+26 
0.467095 	 5.732668e+26 
0.467538 	 5.724339e+26 
0.467979 	 5.718758e+26 
0.468421 	 5.716719e+26 
0.468862 	 5.716030e+26 
0.469304 	 5.716997e+26 
0.469746 	 5.720567e+26 
0.470188 	 5.725524e+26 
0.470629 	 5.732675e+26 
0.471070 	 5.742081e+26 
0.471510 	 5.752594e+26 
0.471952 	 5.764672e+26 
0.472393 	 5.776918e+26 
0.472834 	 5.789246e+26 
0.473273 	 5.800317e+26 
0.473714 	 5.811278e+26 
0.474155 	 5.822098e+26 
0.474596 	 5.833136e+26 
0.475035 	 5.844074e+26 
0.475476 	 5.854534e+26 
0.475917 	 5.864396e+26 
0.476357 	 5.873894e+26 
0.476797 	 5.883072e+26 
0.477238 	 5.892008e+26 
0.477679 	 5.900537e+26 
0.478119 	 5.907410e+26 
0.478559 	 5.913331e+26 
0.478999 	 5.915677e+26 
0.479439 	 5.915081e+26 
0.479879 	 5.910819e+26 
0.480319 	 5.898838e+26 
0.480758 	 5.883595e+26 
0.481196 	 5.859549e+26 
0.481634 	 5.832502e+26 
0.482073 	 5.801384e+26 
0.482510 	 5.766086e+26 
0.482949 	 5.729167e+26 
0.483387 	 5.689023e+26 
0.483824 	 5.649071e+26 
0.484263 	 5.609489e+26 
0.484701 	 5.571983e+26 
0.485138 	 5.535699e+26 
0.485576 	 5.504756e+26 
0.486015 	 5.476185e+26 
0.486454 	 5.455756e+26 
0.486893 	 5.440970e+26 
0.487332 	 5.433351e+26 
0.487770 	 5.433470e+26 
0.488208 	 5.436896e+26 
0.488647 	 5.447871e+26 
0.489085 	 5.460037e+26 
0.489523 	 5.475880e+26 
0.489962 	 5.492185e+26 
0.490400 	 5.509151e+26 
0.490839 	 5.526098e+26 
0.491280 	 5.543033e+26 
0.491719 	 5.559698e+26 
0.492159 	 5.576171e+26 
0.492598 	 5.589602e+26 
0.493038 	 5.601825e+26 
0.493476 	 5.610140e+26 
0.493915 	 5.616282e+26 
0.494355 	 5.619356e+26 
0.494793 	 5.619406e+26 
0.495233 	 5.617297e+26 
0.495672 	 5.611487e+26 
0.496113 	 5.604483e+26 
0.496552 	 5.595285e+26 
0.496992 	 5.585787e+26 
0.497432 	 5.575045e+26 
0.497872 	 5.564048e+26 
0.498312 	 5.552002e+26 
0.498751 	 5.540118e+26 
0.499191 	 5.528583e+26 
0.499630 	 5.517803e+26 
0.500069 	 5.507998e+26 
0.500508 	 5.499350e+26 
0.500949 	 5.491690e+26 
0.501388 	 5.485984e+26 
0.501829 	 5.481381e+26 
0.502268 	 5.479711e+26 
0.502709 	 5.479219e+26 
0.503148 	 5.481658e+26 
0.503587 	 5.484824e+26 
0.504027 	 5.489742e+26 
0.504466 	 5.494906e+26 
0.504906 	 5.501375e+26 
0.505345 	 5.507969e+26 
0.505781 	 5.514235e+26 
0.506218 	 5.520470e+26 
0.506654 	 5.523453e+26 
0.507090 	 5.526340e+26 
0.507525 	 5.525632e+26 
0.507961 	 5.524795e+26 
0.508397 	 5.521079e+26 
0.508832 	 5.517167e+26 
0.509268 	 5.509896e+26 
0.509703 	 5.502370e+26 
0.510138 	 5.489784e+26 
0.510573 	 5.477079e+26 
0.511007 	 5.458417e+26 
0.511440 	 5.439758e+26 
0.511873 	 5.415906e+26 
0.512306 	 5.392021e+26 
0.512739 	 5.365851e+26 
0.513171 	 5.339552e+26 
0.513604 	 5.313985e+26 
0.514036 	 5.288503e+26 
0.514469 	 5.264899e+26 
0.514901 	 5.241645e+26 
0.515334 	 5.220300e+26 
0.515768 	 5.199516e+26 
0.516202 	 5.181472e+26 
0.516636 	 5.164714e+26 
0.517070 	 5.152607e+26 
0.517504 	 5.143826e+26 
0.517938 	 5.139821e+26 
0.518372 	 5.141339e+26 
0.518806 	 5.145250e+26 
0.519240 	 5.153685e+26 
0.519674 	 5.162687e+26 
0.520107 	 5.173620e+26 
0.520541 	 5.184635e+26 
0.520976 	 5.196595e+26 
0.521411 	 5.208553e+26 
0.521846 	 5.221426e+26 
0.522281 	 5.234372e+26 
0.522716 	 5.247975e+26 
0.523151 	 5.261795e+26 
0.523585 	 5.275900e+26 
0.524020 	 5.290211e+26 
0.524454 	 5.303651e+26 
0.524889 	 5.315705e+26 
0.525323 	 5.326895e+26 
0.525756 	 5.334367e+26 
0.526190 	 5.341838e+26 
0.526622 	 5.347270e+26 
0.527055 	 5.352612e+26 
0.527488 	 5.359138e+26 
0.527921 	 5.366084e+26 
0.528354 	 5.373719e+26 
0.528786 	 5.382046e+26 
0.529219 	 5.390038e+26 
0.529651 	 5.397027e+26 
0.530084 	 5.404014e+26 
0.530515 	 5.408788e+26 
0.530948 	 5.413507e+26 
0.531380 	 5.416397e+26 
0.531812 	 5.418476e+26 
0.532245 	 5.419588e+26 
0.532676 	 5.419216e+26 
0.533108 	 5.418812e+26 
0.533540 	 5.418033e+26 
0.533972 	 5.417255e+26 
0.534403 	 5.416059e+26 
0.534835 	 5.414740e+26 
0.535266 	 5.411967e+26 
0.535697 	 5.407337e+26 
0.536129 	 5.402521e+26 
0.536561 	 5.395521e+26 
0.536993 	 5.388522e+26 
0.537424 	 5.381323e+26 
0.537855 	 5.374051e+26 
0.538286 	 5.367099e+26 
0.538717 	 5.360730e+26 
0.539149 	 5.354363e+26 
0.539580 	 5.349167e+26 
0.540011 	 5.344027e+26 
0.540442 	 5.339946e+26 
0.540871 	 5.336684e+26 
0.541300 	 5.333696e+26 
0.541728 	 5.332409e+26 
0.542157 	 5.331121e+26 
0.542586 	 5.330618e+26 
0.543014 	 5.330421e+26 
0.543443 	 5.330391e+26 
0.543871 	 5.330800e+26 
0.544299 	 5.331209e+26 
0.544728 	 5.331866e+26 
0.545156 	 5.332584e+26 
0.545585 	 5.333203e+26 
0.546010 	 5.333612e+26 
0.546435 	 5.334022e+26 
0.546860 	 5.334593e+26 
0.547284 	 5.335199e+26 
0.547710 	 5.335771e+26 
0.548135 	 5.336279e+26 
0.548559 	 5.336787e+26 
0.548984 	 5.336270e+26 
0.549409 	 5.335503e+26 
0.549833 	 5.334170e+26 
0.550258 	 5.331437e+26 
0.550682 	 5.328705e+26 
0.551106 	 5.324855e+26 
0.551530 	 5.320574e+26 
0.551954 	 5.316140e+26 
0.552378 	 5.310959e+26 
0.552801 	 5.305780e+26 
0.553224 	 5.300456e+26 
0.553648 	 5.295025e+26 
0.554071 	 5.289595e+26 
0.554495 	 5.284272e+26 
0.554918 	 5.278953e+26 
0.555341 	 5.273432e+26 
0.555767 	 5.267532e+26 
0.556191 	 5.261632e+26 
0.556616 	 5.255269e+26 
0.557040 	 5.248746e+26 
0.557465 	 5.242277e+26 
0.557888 	 5.236354e+26 
0.558313 	 5.230433e+26 
0.558737 	 5.225215e+26 
0.559161 	 5.220928e+26 
0.559585 	 5.216642e+26 
0.560009 	 5.213528e+26 
0.560433 	 5.210802e+26 
0.560863 	 5.208106e+26 
0.561292 	 5.206087e+26 
0.561721 	 5.204068e+26 
0.562150 	 5.202109e+26 
0.562580 	 5.200262e+26 
0.563009 	 5.198416e+26 
0.563438 	 5.197307e+26 
0.563866 	 5.196714e+26 
0.564296 	 5.196121e+26 
0.564725 	 5.196191e+26 
0.565153 	 5.196373e+26 
0.565583 	 5.196617e+26 
0.566014 	 5.197446e+26 
0.566444 	 5.198275e+26 
0.566874 	 5.199235e+26 
0.567303 	 5.200476e+26 
0.567733 	 5.201716e+26 
0.568163 	 5.202873e+26 
0.568593 	 5.203951e+26 
0.569021 	 5.205029e+26 
0.569451 	 5.205562e+26 
0.569881 	 5.205847e+26 
0.570310 	 5.206133e+26 
0.570737 	 5.206400e+26 
0.571164 	 5.206663e+26 
0.571590 	 5.206926e+26 
0.572017 	 5.207672e+26 
0.572443 	 5.208417e+26 
0.572869 	 5.209129e+26 
0.573296 	 5.209634e+26 
0.573722 	 5.210139e+26 
0.574149 	 5.210498e+26 
0.574574 	 5.210420e+26 
0.575001 	 5.210341e+26 
0.575426 	 5.210046e+26 
0.575849 	 5.209344e+26 
0.576271 	 5.208643e+26 
0.576693 	 5.207676e+26 
0.577116 	 5.206318e+26 
0.577538 	 5.204959e+26 
0.577960 	 5.203331e+26 
0.578381 	 5.201373e+26 
0.578803 	 5.199416e+26 
0.579225 	 5.196669e+26 
0.579647 	 5.193076e+26 
0.580068 	 5.189483e+26 
0.580489 	 5.185125e+26 
0.580910 	 5.179995e+26 
0.581330 	 5.174865e+26 
0.581751 	 5.169313e+26 
0.582172 	 5.163341e+26 
0.582592 	 5.157371e+26 
0.583012 	 5.151235e+26 
0.583432 	 5.144909e+26 
0.583853 	 5.138585e+26 
0.584272 	 5.132132e+26 
0.584692 	 5.125502e+26 
0.585112 	 5.118873e+26 
0.585534 	 5.112258e+26 
0.585956 	 5.105666e+26 
0.586378 	 5.099076e+26 
0.586800 	 5.092605e+26 
0.587222 	 5.086448e+26 
0.587643 	 5.080293e+26 
0.588065 	 5.074261e+26 
0.588487 	 5.068844e+26 
0.588909 	 5.063428e+26 
0.589329 	 5.058102e+26 
0.589751 	 5.054187e+26 
0.590173 	 5.050273e+26 
0.590596 	 5.046360e+26 
0.591019 	 5.043804e+26 
0.591443 	 5.041383e+26 
0.591866 	 5.038963e+26 
0.592289 	 5.036465e+26 
0.592712 	 5.033938e+26 
0.593136 	 5.031411e+26 
0.593559 	 5.028884e+26 
0.593982 	 5.026356e+26 
0.594404 	 5.023829e+26 
0.594827 	 5.021384e+26 
0.595249 	 5.019099e+26 
0.595674 	 5.016814e+26 
0.596098 	 5.014538e+26 
0.596521 	 5.012351e+26 
0.596945 	 5.010165e+26 
0.597370 	 5.007979e+26 
0.597792 	 5.005335e+26 
0.598216 	 5.002621e+26 
0.598639 	 4.999906e+26 
0.599063 	 4.996842e+26 
0.599487 	 4.993514e+26 
0.599909 	 4.990186e+26 
0.600333 	 4.986632e+26 
0.600753 	 4.982467e+26 
0.601173 	 4.978303e+26 
0.601593 	 4.974140e+26 
0.602014 	 4.969352e+26 
0.602434 	 4.964515e+26 
0.602853 	 4.959679e+26 
0.603273 	 4.954511e+26 
0.603694 	 4.949109e+26 
0.604114 	 4.943708e+26 
0.604533 	 4.938102e+26 
0.604953 	 4.931848e+26 
0.605372 	 4.925595e+26 
0.605789 	 4.919343e+26 
0.606207 	 4.912387e+26 
0.606625 	 4.905300e+26 
0.607042 	 4.898215e+26 
0.607459 	 4.891099e+26 
0.607876 	 4.883939e+26 
0.608293 	 4.876781e+26 
0.608710 	 4.869624e+26 
0.609127 	 4.862759e+26 
0.609543 	 4.855896e+26 
0.609960 	 4.849035e+26 
0.610377 	 4.842290e+26 
0.610794 	 4.835653e+26 
0.611211 	 4.829016e+26 
0.611629 	 4.822382e+26 
0.612046 	 4.815764e+26 
0.612463 	 4.809147e+26 
0.612880 	 4.802531e+26 
0.613298 	 4.795766e+26 
0.613714 	 4.788876e+26 
0.614131 	 4.781988e+26 
0.614547 	 4.775101e+26 
0.614964 	 4.769041e+26 
0.615381 	 4.763006e+26 
0.615794 	 4.756972e+26 
0.616207 	 4.751543e+26 
0.616620 	 4.746962e+26 
0.617033 	 4.742382e+26 
0.617444 	 4.737803e+26 
0.617857 	 4.734307e+26 
0.618270 	 4.730985e+26 
0.618682 	 4.727664e+26 
0.619095 	 4.724464e+26 
0.619507 	 4.721631e+26 
0.619919 	 4.718799e+26 
0.620331 	 4.715968e+26 
0.620740 	 4.712865e+26 
0.621149 	 4.709585e+26 
0.621559 	 4.706307e+26 
0.621968 	 4.703029e+26 
0.622377 	 4.699578e+26 
0.622786 	 4.696115e+26 
0.623195 	 4.692653e+26 
0.623604 	 4.689242e+26 
0.624012 	 4.685981e+26 
0.624421 	 4.682722e+26 
0.624830 	 4.679463e+26 
0.625238 	 4.676364e+26 
0.625652 	 4.673402e+26 
0.626067 	 4.670441e+26 
0.626482 	 4.667481e+26 
0.626897 	 4.664449e+26 
0.627310 	 4.661399e+26 
0.627725 	 4.658349e+26 
0.628139 	 4.655279e+26 
0.628553 	 4.651677e+26 
0.628968 	 4.648076e+26 
0.629382 	 4.644475e+26 
0.629796 	 4.640779e+26 
0.630208 	 4.636768e+26 
0.630623 	 4.632758e+26 
0.631037 	 4.628748e+26 
0.631451 	 4.624803e+26 
0.631865 	 4.620952e+26 
0.632279 	 4.617101e+26 
0.632692 	 4.613252e+26 
0.633105 	 4.609566e+26 
0.633519 	 4.606008e+26 
0.633932 	 4.602451e+26 
0.634345 	 4.598895e+26 
0.634758 	 4.595217e+26 
0.635172 	 4.591481e+26 
0.635584 	 4.587746e+26 
0.635997 	 4.584011e+26 
0.636409 	 4.580024e+26 
0.636823 	 4.575955e+26 
0.637235 	 4.571887e+26 
0.637647 	 4.567819e+26 
0.638059 	 4.563531e+26 
0.638471 	 4.559198e+26 
0.638884 	 4.554866e+26 
0.639296 	 4.550535e+26 
0.639708 	 4.546198e+26 
0.640119 	 4.541859e+26 
0.640533 	 4.537522e+26 
0.640946 	 4.533186e+26 
0.641360 	 4.528937e+26 
0.641772 	 4.524703e+26 
0.642185 	 4.520470e+26 
0.642598 	 4.516238e+26 
0.643011 	 4.510940e+26 
0.643424 	 4.505449e+26 
0.643836 	 4.499959e+26 
0.644248 	 4.494470e+26 
0.644660 	 4.488009e+26 
0.645073 	 4.481305e+26 
0.645485 	 4.474601e+26 
0.645896 	 4.467900e+26 
0.646308 	 4.461412e+26 
0.646719 	 4.455011e+26 
0.647130 	 4.448611e+26 
0.647541 	 4.442213e+26 
0.647952 	 4.435873e+26 
0.648363 	 4.429572e+26 
0.648773 	 4.423273e+26 
0.649184 	 4.416975e+26 
0.649594 	 4.410748e+26 
0.650004 	 4.404610e+26 
0.650416 	 4.398473e+26 
0.650823 	 4.392338e+26 
0.651232 	 4.386334e+26 
0.651638 	 4.380657e+26 
0.652047 	 4.374980e+26 
0.652455 	 4.369306e+26 
0.652862 	 4.363667e+26 
0.653270 	 4.358492e+26 
0.653677 	 4.353317e+26 
0.654083 	 4.348144e+26 
